июн. 18, 2023 11:54:59 AM Task_2 main
WARNING: Всё в порядке!
июн. 18, 2023 11:55:00 AM Task_2 main
INFO: 8, 22, 3, 1, 7, 
июн. 18, 2023 11:55:00 AM Task_2 main
WARNING: Всё в порядке!
июн. 18, 2023 11:55:00 AM Task_2 main
INFO: 8, 3, 22, 1, 7, 
июн. 18, 2023 11:55:00 AM Task_2 main
WARNING: Всё в порядке!
июн. 18, 2023 11:55:00 AM Task_2 main
INFO: 8, 3, 1, 22, 7, 
июн. 18, 2023 11:55:00 AM Task_2 main
WARNING: Всё в порядке!
июн. 18, 2023 11:55:00 AM Task_2 main
INFO: 8, 3, 1, 7, 22, 
июн. 18, 2023 11:55:00 AM Task_2 main
WARNING: Всё в порядке!
июн. 18, 2023 11:55:00 AM Task_2 main
INFO: 3, 8, 1, 7, 22, 
июн. 18, 2023 11:55:00 AM Task_2 main
WARNING: Всё в порядке!
июн. 18, 2023 11:55:00 AM Task_2 main
INFO: 3, 1, 8, 7, 22, 
июн. 18, 2023 11:55:00 AM Task_2 main
WARNING: Всё в порядке!
июн. 18, 2023 11:55:00 AM Task_2 main
INFO: 3, 1, 7, 8, 22, 
июн. 18, 2023 11:55:00 AM Task_2 main
WARNING: Всё в порядке!
июн. 18, 2023 11:55:00 AM Task_2 main
INFO: 3, 1, 7, 8, 22, 
июн. 18, 2023 11:55:00 AM Task_2 main
WARNING: Всё в порядке!
июн. 18, 2023 11:55:00 AM Task_2 main
INFO: 1, 3, 7, 8, 22, 
июн. 18, 2023 11:55:00 AM Task_2 main
WARNING: Всё в порядке!
июн. 18, 2023 11:55:00 AM Task_2 main
INFO: 1, 3, 7, 8, 22, 
июн. 18, 2023 11:55:00 AM Task_2 main
WARNING: Всё в порядке!
июн. 18, 2023 11:55:00 AM Task_2 main
INFO: 1, 3, 7, 8, 22, 
июн. 18, 2023 11:55:00 AM Task_2 main
WARNING: Всё в порядке!
июн. 18, 2023 11:55:00 AM Task_2 main
INFO: 1, 3, 7, 8, 22, 
